1714809267199 0.9998175515416895 0
1714809271445 1.0 0
1714809273823 0.9998310525426592 0
1714809276941 0.9998873747043586 0
1714809280420 0.9999155262713296 0
1714809284218 0.999932423300446 0
1714809288587 0.9999436873521793 0
1714809293683 0.9998551913887146 0
1714809299014 0.9998732947586265 0
1714809305176 0.9998498329391448 0
1714809311557 0.999864851167348 0
1714809315860 1.0 0
1714809318248 1.0 0
1714809321146 1.0 0
1714809324380 1.0 0
1714809328226 1.0 0
1714809332881 0.9999436873521793 0
1714809337753 0.9999517304629049 0
1714809343401 0.9999155298390844 0
1714809349703 0.9998873747043586 0
