1714809267199 0.9999996000069149 0
1714809271445 1.0 0
1714809273823 0.9999998598292497 0
1714809276941 0.9999999364847081 0
1714809280420 0.9999999641999502 0
1714809284218 0.9999999770253867 0
1714809288587 0.9999999840303577 0
1714809293683 0.9999999529456849 0
1714809299014 0.9999999191879894 0
1714809305176 0.999999936577082 0
1714809311557 0.9999998070104696 0
1714809315860 1.0 0
1714809318248 1.0 0
1714809321146 1.0 0
1714809324380 1.0 0
1714809328226 1.0 0
1714809332881 1.0 0
1714809337753 0.9999999882364212 0
1714809343401 0.9999999281671017 0
1714809349703 0.9999999365770821 0
