1714809267199 0.9998175088588873 0
1714809271445 1.0 0
1714809273823 0.9998309985380395 0
1714809276941 0.9998873993014035 0
1714809280420 0.9999155401461693 0
1714809284218 0.999932432213604 0
1714809288587 0.9999436811506393 0
1714809293683 0.9998551502214726 0
1714809299014 0.999873263369852 0
1714809305176 0.9998497892365087 0
1714809311557 0.9998648336070902 0
1714809315860 1.0 0
1714809318248 1.0 0
1714809321146 1.0 0
1714809324380 1.0 0
1714809328226 1.0 0
1714809332881 0.9999436811506393 0
1714809337753 0.999951725891068 0
1714809343401 0.9999155158915803 0
1714809349703 0.9998873501263934 0
