1714809269277 0.9998175515416895 0
1714809271975 1.0 0
1714809274437 0.9998310525426592 0
1714809277731 0.9998873747043586 0
1714809281320 0.9999155262713296 0
1714809285304 0.999932423300446 0
1714809289794 0.9999436873521793 0
1714809295082 0.9998551913887146 0
1714809300685 0.9998732947586265 0
1714809306843 0.9998498329391448 0
1714809313391 0.999864851167348 0
1714809316328 1.0 0
1714809319036 1.0 0
1714809321846 1.0 0
1714809325319 1.0 0
1714809329356 1.0 0
1714809334123 0.9999436873521793 0
1714809339041 0.9999517304629049 0
1714809345142 0.9999155298390844 0
1714809351520 0.9998873747043586 0
