1714809267199 0.9998175397535045 0
1714809271445 1.0 0
1714809273823 0.9998310847906946 0
1714809276941 0.9998874873296543 0
1714809280420 0.9999155897854113 0
1714809284218 0.9999324640830046 0
1714809288587 0.9999436909221456 0
1714809293683 0.999855214984708 0
1714809299014 0.9998733128318351 0
1714809305176 0.9998498583491978 0
1714809311557 0.999864838751087 0
1714809315860 1.0 0
1714809318248 1.0 0
1714809321146 1.0 0
1714809324380 1.0 0
1714809328226 1.0 0
1714809332881 0.9999436909221456 0
1714809337753 0.9999517330849668 0
1714809343401 0.9999155378720035 0
1714809349703 0.9998873889981181 0
