1714809267199 0.05051419240411864 0
1714809271445 0.05884487349208872 0
1714809273823 0.05542899101808159 0
1714809276941 0.05292208671670706 0
1714809280420 0.05074509102044953 0
1714809284218 0.050281264251833026 0
1714809288587 0.05114912512369986 0
1714809293683 0.05061200563915185 0
1714809299014 0.050945914903275824 0
1714809305176 0.05136156688238554 0
1714809311557 0.0515463362094673 0
1714809315860 0.052483009663191325 0
1714809318248 0.05270449487254183 0
1714809321146 0.05050939367139935 0
1714809324380 0.04877207786458187 0
1714809328226 0.048920754937824655 0
1714809332881 0.04971214086316041 0
1714809337753 0.04974923055194882 0
1714809343401 0.04999153042984243 0
1714809349703 0.05039558981867325 0
