1715204471199 0.8900239288462873 0
1715204490003 0.8761541430500713 0
1715204500055 0.8896553585908141 0
1715204509368 0.8908161214448544 0
1715204520461 0.889200248632589 0
1715204532278 0.8884517797994907 0
1715204541287 0.9083701879052654 0
1715204549493 0.8979296645478884 0
1715204559822 0.8944560140905417 0
1715204572123 0.8924966561920911 0
1715204587009 0.8908895547135799 0
1715204598055 0.9083701879052654 0
1715204606539 0.8967290749974496 0
1715204616292 0.8953134632666095 0
1715204628380 0.8926607591191288 0
1715204641267 0.890613036693015 0
1715204660660 0.9083701879052654 0
1715204671121 0.8913602417521084 0
1715204682302 0.8922671148853015 0
1715204697313 0.8905113213070442 0
1715204712706 0.890404752662305 0
1715204724515 0.9083701879052654 0
1715204734227 0.8913602417521084 0
1715204746822 0.8918371393231603 0
1715204761201 0.8901936347151532 0
1715204776544 0.8895814254478029 0
1715204788051 0.9083701879052654 0
1715204798427 0.8913602417521084 0
1715204811133 0.8930895755596421 0
1715204824277 0.8920845887094984 0
1715204841301 0.8909620570379138 0
1715204851775 0.9083701879052654 0
1715204861625 0.8913602417521084 0
1715204873882 0.8930895755596421 0
1715204884991 0.8923349469636711 0
1715204897204 0.8911522682022747 0
1715204903105 0.9083701879052654 0
1715204907295 0.8913602417521084 0
1715204912970 0.8930895755596421 0
1715204917222 0.8918234683346329 0
1715204921472 0.8904717937111557 0
1715204925246 0.9083701879052654 0
1715204928432 0.8913602417521084 0
1715204931772 0.8930895755596421 0
1715204935108 0.8918234683346329 0
1715204938807 0.8903175829314461 0
1715204941854 0.9083701879052654 0
1715204944595 0.8913602417521084 0
1715204948304 0.8930895755596421 0
1715204956176 0.8918234683346329 0
1715204960571 0.8907914846383941 0
