1715204471199 0.9039637981430758 0
1715204490003 0.895691416893733 0
1715204500055 0.8958822961410426 0
1715204509368 0.8973108980182218 0
1715204520461 0.9010862842220742 0
1715204532278 0.9025606077944157 0
1715204541287 0.9216059567173772 0
1715204549493 0.9043927038917268 0
1715204559822 0.9023838371242632 0
1715204572123 0.9042727947966089 0
1715204587009 0.905103443523544 0
1715204598055 0.9216059567173772 0
1715204606539 0.9040566000226327 0
1715204616292 0.902072628433521 0
1715204628380 0.9041632360538768 0
1715204641267 0.9052609456850265 0
1715204660660 0.9216059567173772 0
1715204671121 0.9017800851572421 0
1715204682302 0.9007627255477901 0
1715204697313 0.9033304670473308 0
1715204712706 0.9039717869740694 0
1715204724515 0.9216059567173772 0
1715204734227 0.9017800851572421 0
1715204746822 0.9011383129991939 0
1715204761201 0.9035779269448285 0
1715204776544 0.9049429557005021 0
1715204788051 0.9216059567173772 0
1715204798427 0.9017800851572421 0
1715204811133 0.901100504610166 0
1715204824277 0.9028131031260493 0
1715204841301 0.9039582322976379 0
1715204851775 0.9216059567173772 0
1715204861625 0.9017800851572421 0
1715204873882 0.901100504610166 0
1715204884991 0.9030149853609526 0
1715204897204 0.903944518688652 0
1715204903105 0.9216059567173772 0
1715204907295 0.9017800851572421 0
1715204912970 0.901100504610166 0
1715204917222 0.9011069259153619 0
1715204921472 0.9026000287440878 0
1715204925246 0.9216059567173772 0
1715204928432 0.9017800851572421 0
1715204931772 0.901100504610166 0
1715204935108 0.9011069259153619 0
1715204938807 0.9026386209740113 0
1715204941854 0.9216059567173772 0
1715204944595 0.9017800851572421 0
1715204948304 0.901100504610166 0
1715204956176 0.9011069259153619 0
1715204960571 0.9048580150006821 0
