1715204471199 0.8887721213581062 0
1715204490003 0.8753123912722187 0
1715204500055 0.889259043907993 0
1715204509368 0.8898489457457626 0
1715204520461 0.8882965486172606 0
1715204532278 0.8870404103640573 0
1715204541287 0.9087398620233933 0
1715204549493 0.8976805057522333 0
1715204559822 0.8937875245593007 0
1715204572123 0.8914252531993613 0
1715204587009 0.8896380247677156 0
1715204598055 0.9087398620233933 0
1715204606539 0.8960946464864938 0
1715204616292 0.8946371808970282 0
1715204628380 0.8916167228102011 0
1715204641267 0.8893344383875117 0
1715204660660 0.9087398620233933 0
1715204671121 0.8904736856566587 0
1715204682302 0.8915907823668624 0
1715204697313 0.8892902604129768 0
1715204712706 0.8890550492200491 0
1715204724515 0.9087398620233933 0
1715204734227 0.8904736856566587 0
1715204746822 0.8909801226009814 0
1715204761201 0.8890436717722867 0
1715204776544 0.8882099556625138 0
1715204788051 0.9087398620233933 0
1715204798427 0.8904736856566587 0
1715204811133 0.8926166065743624 0
1715204824277 0.8910610185444623 0
1715204841301 0.8896978778191624 0
1715204851775 0.9087398620233933 0
1715204861625 0.8904736856566587 0
1715204873882 0.8926166065743624 0
1715204884991 0.8915182726479133 0
1715204897204 0.8900057832985414 0
1715204903105 0.9087398620233933 0
1715204907295 0.8904736856566587 0
1715204912970 0.8926166065743624 0
1715204917222 0.8910301692361352 0
1715204921472 0.8892503580880413 0
1715204925246 0.9087398620233933 0
1715204928432 0.8904736856566587 0
1715204931772 0.8926166065743624 0
1715204935108 0.8910301692361352 0
1715204938807 0.8890579115980982 0
1715204941854 0.9087398620233933 0
1715204944595 0.8904736856566587 0
1715204948304 0.8926166065743624 0
1715204956176 0.8910301692361352 0
1715204960571 0.8897725716846662 0
