1715204477077 0.9036976220884266 0
1715204491931 0.8925312605610003 0
1715204501828 0.9047718058010188 0
1715204511413 0.9051480525863128 0
1715204522929 0.9039543096307276 0
1715204535350 0.9025576916579383 0
1715204542777 0.9168638053396417 0
1715204551491 0.9102817340679904 0
1715204562940 0.9077282221403121 0
1715204575815 0.9058726075772768 0
1715204590886 0.9042470520660878 0
1715204599758 0.9168638053396417 0
1715204608336 0.9091381640503171 0
1715204618820 0.9082811156161691 0
1715204631298 0.906003400619087 0
1715204653266 0.9040443288171098 0
1715204662566 0.9168638053396417 0
1715204673384 0.9046678448903213 0
1715204685801 0.9063152721464554 0
1715204700679 0.9044774817979684 0
1715204716780 0.9038416055681319 0
1715204726583 0.9168638053396417 0
1715204736777 0.9046678448903213 0
1715204749809 0.9058852438874555 0
1715204764861 0.9043466887561582 0
1715204780221 0.9033010102375241 0
1715204790157 0.9168638053396417 0
1715204800910 0.9046678448903213 0
1715204813813 0.9064381373633125 0
1715204827244 0.9056546191742599 0
1715204844715 0.9042808392742507 0
1715204853756 0.9168638053396417 0
1715204863997 0.9046678448903213 0
1715204877094 0.9064381373633125 0
1715204886453 0.906003400619087 0
1715204900118 0.9045173497313916 0
1715204903765 0.9168638053396417 0
1715204908690 0.9046678448903213 0
1715204914057 0.9064381373633125 0
1715204918207 0.9057418145354668 0
1715204922503 0.9040105416089469 0
1715204926275 0.9168638053396417 0
1715204929339 0.9046678448903213 0
1715204932617 0.9064381373633125 0
1715204936113 0.9057418145354668 0
1715204939934 0.9038753927762949 0
1715204942466 0.9168638053396417 0
1715204945367 0.9046678448903213 0
1715204951611 0.9064381373633125 0
1715204957404 0.9057418145354668 0
1715204961665 0.9044159881069027 0
