1715204471199 0.24085670967604564 0
1715204490003 0.2600074365597661 0
1715204500055 0.2439211032786661 0
1715204509368 0.24267325047462285 0
1715204520461 0.2422713366137104 0
1715204532278 0.24311278253604868 0
1715204541287 0.21843737687506384 0
1715204549493 0.2341955057439597 0
1715204559822 0.2369640221040003 0
1715204572123 0.23833336553073312 0
1715204587009 0.240053630614032 0
1715204598055 0.21843737687506384 0
1715204606539 0.23316051411061436 0
1715204616292 0.23628552816776358 0
1715204628380 0.23806961082198205 0
1715204641267 0.2395400331171157 0
1715204660660 0.21843737687506384 0
1715204671121 0.24087338046898255 0
1715204682302 0.23835902571508125 0
1715204697313 0.2393085877050839 0
1715204712706 0.240777087478321 0
1715204724515 0.21843737687506384 0
1715204734227 0.24087338046898255 0
1715204746822 0.23904323790385967 0
1715204761201 0.2396838265839926 0
1715204776544 0.24094019949530565 0
1715204788051 0.21843737687506384 0
1715204798427 0.24087338046898255 0
1715204811133 0.23965971984636067 0
1715204824277 0.23826041349459742 0
1715204841301 0.23978401746250666 0
1715204851775 0.21843737687506384 0
1715204861625 0.24087338046898255 0
1715204873882 0.23965971984636067 0
1715204884991 0.23896132851445961 0
1715204897204 0.24048910725741704 0
1715204903105 0.21843737687506384 0
1715204907295 0.24087338046898255 0
1715204912970 0.23965971984636067 0
1715204917222 0.23971271532649116 0
1715204921472 0.2416024649418108 0
1715204925246 0.21843737687506384 0
1715204928432 0.24087338046898255 0
1715204931772 0.23965971984636067 0
1715204935108 0.23971271532649116 0
1715204938807 0.24206460726901383 0
1715204941854 0.21843737687506384 0
1715204944595 0.24087338046898255 0
1715204948304 0.23965971984636067 0
1715204956176 0.23971271532649116 0
1715204960571 0.23972678578874526 0
