1715204471199 0.9036976220884266 0
1715204490003 0.8925312605610003 0
1715204500055 0.9047718058010188 0
1715204509368 0.9051480525863128 0
1715204520461 0.9039543096307276 0
1715204532278 0.9025576916579383 0
1715204541287 0.9168638053396417 0
1715204549493 0.9102817340679904 0
1715204559822 0.9077282221403121 0
1715204572123 0.9058726075772768 0
1715204587009 0.9042470520660878 0
1715204598055 0.9168638053396417 0
1715204606539 0.9091381640503171 0
1715204616292 0.9082811156161691 0
1715204628380 0.906003400619087 0
1715204641267 0.9040443288171098 0
1715204660660 0.9168638053396417 0
1715204671121 0.9046678448903213 0
1715204682302 0.9063152721464554 0
1715204697313 0.9044774817979684 0
1715204712706 0.9038416055681319 0
1715204724515 0.9168638053396417 0
1715204734227 0.9046678448903213 0
1715204746822 0.9058852438874555 0
1715204761201 0.9043466887561582 0
1715204776544 0.9033010102375241 0
1715204788051 0.9168638053396417 0
1715204798427 0.9046678448903213 0
1715204811133 0.9064381373633125 0
1715204824277 0.9056546191742599 0
1715204841301 0.9042808392742507 0
1715204851775 0.9168638053396417 0
1715204861625 0.9046678448903213 0
1715204873882 0.9064381373633125 0
1715204884991 0.906003400619087 0
1715204897204 0.9045173497313916 0
1715204903105 0.9168638053396417 0
1715204907295 0.9046678448903213 0
1715204912970 0.9064381373633125 0
1715204917222 0.9057418145354668 0
1715204921472 0.9040105416089469 0
1715204925246 0.9168638053396417 0
1715204928432 0.9046678448903213 0
1715204931772 0.9064381373633125 0
1715204935108 0.9057418145354668 0
1715204938807 0.9038753927762949 0
1715204941854 0.9168638053396417 0
1715204944595 0.9046678448903213 0
1715204948304 0.9064381373633125 0
1715204956176 0.9057418145354668 0
1715204960571 0.9044159881069027 0
