1714809486972 0.05051419240411864 0
1714809491186 0.05884487349208872 0
1714809493843 0.05542899101808159 0
1714809496840 0.05292208671670706 0
1714809500206 0.05074509102044953 0
1714809504039 0.050281264251833026 0
1714809507982 0.05114912512369986 0
1714809512610 0.05061200563915185 0
1714809518098 0.050945914903275824 0
1714809523705 0.05136156688238554 0
1714809529577 0.0515463362094673 0
1714809533308 0.052483009663191325 0
1714809535484 0.05270449487254183 0
1714809538073 0.05050939367139935 0
1714809540904 0.04877207786458187 0
1714809544043 0.048920754937824655 0
1714809547702 0.04971214086316041 0
1714809551881 0.04974923055194882 0
1714809558779 0.04999153042984243 0
1714809565221 0.05039558981867325 0
1714809571283 0.05036818185511653 0
1714809575339 0.052483009663191325 0
1714809577704 0.05392545586113549 0
1714809580437 0.05014255980356947 0
1714809583461 0.04862878515470564 0
1714809586849 0.048730234141047775 0
1714809590519 0.049677409939223524 0
1714809594630 0.049496937555377846 0
1714809599818 0.04992239609134632 0
1714809605849 0.05032173195675184 0
1714809612975 0.050418255004213576 0
1714809617745 0.052483009663191325 0
1714809620462 0.05392545586113549 0
1714809623547 0.05262269417109417 0
1714809626965 0.05025229478410237 0
1714809631541 0.049743200869536854 0
1714809636106 0.05015752257146985 0
1714809641231 0.05013320324567069 0
1714809647308 0.0505382919033624 0
1714809653529 0.05071833845328106 0
1714809659973 0.050386545163269576 0
1714809664316 0.052483009663191325 0
1714809667288 0.05392545586113549 0
1714809670363 0.05262269417109417 0
1714809673869 0.05064992402623179 0
1714809678182 0.05013673819806567 0
1714809683288 0.0501108379294606 0
1714809688354 0.05027869665157382 0
1714809693582 0.05056727610718239 0
1714809699189 0.05089483369224123 0
1714809706782 0.050859071745021835 0
1714809711398 0.052483009663191325 0
1714809714309 0.05392545586113549 0
1714809717675 0.05262269417109417 0
1714809721439 0.05064992402623179 0
1714809725695 0.049467227818830235 0
1714809730113 0.04920201714528955 0
1714809735062 0.049525686610008036 0
1714809740662 0.05001293696005721 0
1714809746753 0.050504553274275686 0
1714809753064 0.050406996142455994 0
1714809757207 0.052483009663191325 0
1714809759902 0.05392545586113549 0
1714809763062 0.05262269417109417 0
1714809766845 0.05064992402623179 0
1714809770853 0.049467227818830235 0
1714809775199 0.04978819068596602 0
1714809780351 0.04955419547504713 0
1714809785622 0.0499191034322165 0
1714809791684 0.05018718877283388 0
1714809797984 0.05025662218570275 0
1714809802093 0.052483009663191325 0
1714809804818 0.05392545586113549 0
1714809808028 0.05262269417109417 0
1714809811654 0.05064992402623179 0
1714809815836 0.049467227818830235 0
1714809820106 0.04978819068596602 0
1714809825179 0.04944618796933642 0
1714809830815 0.0498941009032615 0
1714809837066 0.0502589140863868 0
1714809843696 0.05016972567536972 0
1714809848007 0.052483009663191325 0
1714809850514 0.05392545586113549 0
1714809853745 0.05262269417109417 0
1714809857061 0.05064992402623179 0
1714809861009 0.049467227818830235 0
1714809864851 0.04978819068596602 0
1714809869235 0.04944618796933642 0
1714809874041 0.0496248663356387 0
1714809879012 0.05020953747570599 0
1714809884446 0.05051743723002126 0
1714809887887 0.052483009663191325 0
1714809890153 0.05392545586113549 0
1714809893182 0.05262269417109417 0
1714809896624 0.05064992402623179 0
1714809900537 0.049467227818830235 0
1714809905477 0.04978819068596602 0
1714809911100 0.04944618796933642 0
1714809917887 0.0496248663356387 0
1714809925108 0.04993505316517297 0
1714809932126 0.05038878807192265 0
