1714809486972 0.9999996000069149 0
1714809491186 1.0 0
1714809493843 0.9999998598292497 0
1714809496840 0.9999999364847081 0
1714809500206 0.9999999641999502 0
1714809504039 0.9999999770253867 0
1714809507982 0.9999999840303577 0
1714809512610 0.9999999529456849 0
1714809518098 0.9999999191879894 0
1714809523705 0.999999936577082 0
1714809529577 0.9999998070104696 0
1714809533308 1.0 0
1714809535484 1.0 0
1714809538073 1.0 0
1714809540904 1.0 0
1714809544043 1.0 0
1714809547702 1.0 0
1714809551881 0.9999999882364212 0
1714809558779 0.9999999281671017 0
1714809565221 0.9999999365770821 0
1714809571283 0.9999998297151201 0
1714809575339 1.0 0
1714809577704 1.0 0
1714809580437 1.0 0
1714809583461 1.0 0
1714809586849 1.0 0
1714809590519 1.0 0
1714809594630 1.0 0
1714809599818 0.9999999910208877 0
1714809605849 0.9999999718120365 0
1714809612975 0.9999997672773309 0
1714809617745 1.0 0
1714809620462 1.0 0
1714809623547 0.9999998133559496 0
1714809626965 0.9999999641999502 0
1714809631541 0.9999998391777074 0
1714809636106 0.9999999840303577 0
1714809641231 0.9999999294185272 0
1714809647308 0.9999999012297649 0
1714809653529 0.9999998026842551 0
1714809659973 0.9999998467436082 0
1714809664316 1.0 0
1714809667288 1.0 0
1714809670363 0.9999998133559496 0
1714809673869 0.9999999642937865 0
1714809678182 0.9999999310761604 0
1714809683288 0.9999999840303576 0
1714809688354 0.9999999294185273 0
1714809693582 0.9999999102088771 0
1714809699189 0.9999998942951367 0
1714809706782 0.999999716191867 0
1714809711398 1.0 0
1714809714309 1.0 0
1714809717675 0.9999998133559496 0
1714809721439 0.9999999642937865 0
1714809725695 0.9999999314376984 0
1714809730113 0.9999999840303577 0
1714809735062 0.9999999294185272 0
1714809740662 0.9999998832715402 0
1714809746753 0.9999998167782369 0
1714809753064 0.9999998751244215 0
1714809757207 1.0 0
1714809759902 1.0 0
1714809763062 0.9999998133559496 0
1714809766845 0.9999999642937865 0
1714809770853 0.9999999314376984 0
1714809775199 0.9999999841281133 0
1714809780351 0.9999999882364212 0
1714809785622 0.9999999640835509 0
1714809791684 0.9999999224831002 0
1714809797984 0.9999996140209391 0
1714809802093 1.0 0
1714809804818 1.0 0
1714809808028 0.9999998133559496 0
1714809811654 0.9999999642937865 0
1714809815836 0.9999999314376984 0
1714809820106 0.9999999841281133 0
1714809825179 0.9999999882586502 0
1714809830815 0.9999999640835509 0
1714809837066 0.999999936577082 0
1714809843696 0.9999996934872164 0
1714809848007 1.0 0
1714809850514 1.0 0
1714809853745 0.9999998133559496 0
1714809857061 0.9999999642937865 0
1714809861009 0.9999999314376984 0
1714809864851 0.9999999841281133 0
1714809869235 0.9999999882586502 0
1714809874041 0.9999999640479429 0
1714809879012 0.999999936577082 0
1714809884446 0.9999996707825657 0
1714809887887 1.0 0
1714809890153 1.0 0
1714809893182 0.9999998133559496 0
1714809896624 0.9999999642937865 0
1714809900537 0.9999999314376984 0
1714809905477 0.9999999841281133 0
1714809911100 0.9999999882586502 0
1714809917887 0.9999999640479429 0
1714809925108 0.9999999362430603 0
1714809932126 0.9999998864472474 0
