1714809488970 0.9998175515416895 0
1714809491722 1.0 0
1714809494464 0.9998310525426592 0
1714809497582 0.9998873747043586 0
1714809501109 0.9999155262713296 0
1714809505002 0.999932423300446 0
1714809509295 0.9999436873521793 0
1714809513756 0.9998551913887146 0
1714809519548 0.9998732947586265 0
1714809525251 0.9998498329391448 0
1714809531255 0.999864851167348 0
1714809533757 1.0 0
1714809536051 1.0 0
1714809538718 1.0 0
1714809541647 1.0 0
1714809544903 1.0 0
1714809548668 0.9999436873521793 0
1714809553087 0.9999517304629049 0
1714809560783 0.9999155298390844 0
1714809566812 0.9998873747043586 0
1714809572998 0.999864851167348 0
1714809575798 1.0 0
1714809578268 1.0 0
1714809581145 1.0 0
1714809584215 1.0 0
1714809587728 1.0 0
1714809591502 0.9999436873521793 0
1714809595845 1.0 0
1714809601315 0.9999155298390844 0
1714809607528 0.9999249164695724 0
1714809615421 0.9998986383755111 0
1714809618254 1.0 0
1714809621117 1.0 0
1714809624293 0.9998873747043586 0
1714809628134 0.9999155262713296 0
1714809632709 0.999932423300446 0
1714809637314 0.9999436873521793 0
1714809642811 0.9999034609258097 0
1714809648891 0.9998732947586265 0
1714809655282 0.9998498329391448 0
1714809661859 0.9998310639591851 0
1714809664887 1.0 0
1714809667926 1.0 0
1714809671156 0.9998873747043586 0
1714809674829 0.9999155262713296 0
1714809679285 0.999932423300446 0
1714809684586 0.9999436873521793 0
1714809689670 0.9999034609258097 0
1714809695022 0.9999155298390844 0
1714809701228 0.9998873747043586 0
1714809708660 0.999864851167348 0
1714809712011 1.0 0
1714809714989 1.0 0
1714809718516 0.9998873747043586 0
1714809722654 0.9999155262713296 0
1714809726665 0.999932423300446 0
1714809731437 0.9999436873521793 0
1714809736345 0.9999034609258097 0
1714809742296 0.9998732947586265 0
1714809748346 0.9998498329391448 0
1714809754837 0.999864851167348 0
1714809757758 1.0 0
1714809760548 1.0 0
1714809763980 0.9998873747043586 0
1714809767752 0.9999155262713296 0
1714809771855 0.999932423300446 0
1714809776417 0.9999436873521793 0
1714809781626 0.9999517304629049 0
1714809787129 0.9999155298390844 0
1714809793318 0.9998873747043586 0
1714809799753 0.9998310639591851 0
1714809802613 1.0 0
1714809805513 1.0 0
1714809808831 0.9998873747043586 0
1714809812638 0.9999155262713296 0
1714809816908 0.999932423300446 0
1714809821151 0.9999436873521793 0
1714809826684 0.9999517304629049 0
1714809832710 0.9999155298390844 0
1714809838760 0.9998498329391448 0
1714809845591 0.9998310639591851 0
1714809848506 1.0 0
1714809851291 1.0 0
1714809854546 0.9998873747043586 0
1714809857973 0.9999155262713296 0
1714809861971 0.999932423300446 0
1714809865862 0.9999436873521793 0
1714809870421 0.9999517304629049 0
1714809875403 0.9999155298390844 0
1714809880483 0.9998873747043586 0
1714809885959 0.999864851167348 0
1714809888331 1.0 0
1714809890774 1.0 0
1714809893918 0.9998873747043586 0
1714809897535 0.9999155262713296 0
1714809901784 0.999932423300446 0
1714809906761 0.9999436873521793 0
1714809912742 0.9999517304629049 0
1714809919750 0.9999155298390844 0
1714809927045 0.9998873747043586 0
1714809934046 0.9998310639591851 0
