1714809486972 0.9998175397535045 0
1714809491186 1.0 0
1714809493843 0.9998310847906946 0
1714809496840 0.9998874873296543 0
1714809500206 0.9999155897854113 0
1714809504039 0.9999324640830046 0
1714809507982 0.9999436909221456 0
1714809512610 0.999855214984708 0
1714809518098 0.9998733128318351 0
1714809523705 0.9998498583491978 0
1714809529577 0.999864838751087 0
1714809533308 1.0 0
1714809535484 1.0 0
1714809538073 1.0 0
1714809540904 1.0 0
1714809544043 1.0 0
1714809547702 0.9999436909221456 0
1714809551881 0.9999517330849668 0
1714809558779 0.9999155378720035 0
1714809565221 0.9998873889981181 0
1714809571283 0.999864851167348 0
1714809575339 1.0 0
1714809577704 1.0 0
1714809580437 1.0 0
1714809583461 1.0 0
1714809586849 1.0 0
1714809590519 0.9999436909221456 0
1714809594630 1.0 0
1714809599818 0.9999155378720035 0
1714809605849 0.9999249228226232 0
1714809612975 0.9998986308829552 0
1714809617745 1.0 0
1714809620462 1.0 0
1714809623547 0.9998873890387477 0
1714809626965 0.9999155343087919 0
1714809631541 0.9999324284420955 0
1714809636106 0.9999436909221456 0
1714809641231 0.9999034714134875 0
1714809647308 0.9998733128318351 0
1714809653529 0.9998498174408774 0
1714809659973 0.999831096143609 0
1714809664316 1.0 0
1714809667288 1.0 0
1714809670363 0.9998873890387477 0
1714809673869 0.9999155343118521 0
1714809678182 0.9999324284420955 0
1714809683288 0.9999437157069868 0
1714809688354 0.9999034714134875 0
1714809693582 0.9999155298390844 0
1714809699189 0.9998873889981181 0
1714809706782 0.999864838751087 0
1714809711398 1.0 0
1714809714309 1.0 0
1714809717675 0.9998873890387477 0
1714809721439 0.9999155343118521 0
1714809725695 0.9999324284460106 0
1714809730113 0.9999436909221456 0
1714809735062 0.9999034714134875 0
1714809740662 0.9998733128318351 0
1714809746753 0.9998498583491978 0
1714809753064 0.999864838751087 0
1714809757207 1.0 0
1714809759902 1.0 0
1714809763062 0.9998873890387477 0
1714809766845 0.9999155343118521 0
1714809770853 0.9999324284460106 0
1714809775199 0.999943690925317 0
1714809780351 0.9999517330849668 0
1714809785622 0.9999155298390844 0
1714809791684 0.9998873653712667 0
1714809797984 0.9998310915689598 0
1714809802093 1.0 0
1714809804818 1.0 0
1714809808028 0.9998873890387477 0
1714809811654 0.9999155343118521 0
1714809815836 0.9999324284460106 0
1714809820106 0.999943690925317 0
1714809825179 0.9999517330856791 0
1714809830815 0.9999155378720035 0
1714809837066 0.9998498583491978 0
1714809843696 0.9998310476865004 0
1714809848007 1.0 0
1714809850514 1.0 0
1714809853745 0.9998873890387477 0
1714809857061 0.9999155343118521 0
1714809861009 0.9999324284460106 0
1714809864851 0.999943690925317 0
1714809869235 0.9999517330856791 0
1714809874041 0.9999155378708577 0
1714809879012 0.9998873889981181 0
1714809884446 0.999864851167348 0
1714809887887 1.0 0
1714809890153 1.0 0
1714809893182 0.9998873890387477 0
1714809896624 0.9999155343118521 0
1714809900537 0.9999324284460106 0
1714809905477 0.999943690925317 0
1714809911100 0.9999517330856791 0
1714809917887 0.9999155378708577 0
1714809925108 0.9998873889872419 0
1714809932126 0.9998310491781675 0
