1715168145273 0.9036976220884266 0
1715168151024 0.8925312605610003 0
1715168155210 0.9047718058010188 0
1715168158157 0.9051480525863128 0
1715168161314 0.9039543096307276 0
1715168165125 0.9025576916579383 0
1715168167821 0.9168638053396417 0
1715168170159 0.9102817340679904 0
1715168172765 0.9077282221403121 0
1715168175735 0.9058726075772768 0
1715168179236 0.9042470520660878 0
1715168181854 0.9168638053396417 0
1715168184010 0.9091381640503171 0
1715168186453 0.9082811156161691 0
1715168189293 0.906003400619087 0
1715168192515 0.9040443288171098 0
1715168195187 0.9168638053396417 0
1715168197810 0.9046678448903213 0
1715168200501 0.9063152721464554 0
1715168203647 0.9044774817979684 0
1715168207119 0.9038416055681319 0
1715168210057 0.9168638053396417 0
1715168212293 0.9046678448903213 0
1715168215521 0.9058852438874555 0
1715168218609 0.9043466887561582 0
1715168222881 0.9033010102375241 0
1715168226245 0.9168638053396417 0
1715168229121 0.9046678448903213 0
1715168232272 0.9064381373633125 0
1715168235843 0.9056546191742599 0
1715168239630 0.9042808392742507 0
1715168242870 0.9168638053396417 0
1715168245458 0.9046678448903213 0
1715168248582 0.9064381373633125 0
1715168252068 0.906003400619087 0
1715168256395 0.9045173497313916 0
1715168259588 0.9168638053396417 0
1715168262182 0.9046678448903213 0
1715168265382 0.9064381373633125 0
1715168269263 0.9057418145354668 0
1715168273804 0.9040105416089469 0
1715168277089 0.9168638053396417 0
1715168279758 0.9046678448903213 0
1715168282741 0.9064381373633125 0
1715168286304 0.9057418145354668 0
1715168290561 0.9038753927762949 0
1715168293641 0.9168638053396417 0
1715168296521 0.9046678448903213 0
1715168299813 0.9064381373633125 0
1715168303666 0.9057418145354668 0
1715168308402 0.9044159881069027 0
