1715168145273 0.24085670967604564 0
1715168151024 0.2600074365597661 0
1715168155210 0.2439211032786661 0
1715168158157 0.24267325047462285 0
1715168161314 0.2422713366137104 0
1715168165125 0.24311278253604868 0
1715168167821 0.21843737687506384 0
1715168170159 0.2341955057439597 0
1715168172765 0.2369640221040003 0
1715168175735 0.23833336553073312 0
1715168179236 0.240053630614032 0
1715168181854 0.21843737687506384 0
1715168184010 0.23316051411061436 0
1715168186453 0.23628552816776358 0
1715168189293 0.23806961082198205 0
1715168192515 0.2395400331171157 0
1715168195187 0.21843737687506384 0
1715168197810 0.24087338046898255 0
1715168200501 0.23835902571508125 0
1715168203647 0.2393085877050839 0
1715168207119 0.240777087478321 0
1715168210057 0.21843737687506384 0
1715168212293 0.24087338046898255 0
1715168215521 0.23904323790385967 0
1715168218609 0.2396838265839926 0
1715168222881 0.24094019949530565 0
1715168226245 0.21843737687506384 0
1715168229121 0.24087338046898255 0
1715168232272 0.23965971984636067 0
1715168235843 0.23826041349459742 0
1715168239630 0.23978401746250666 0
1715168242870 0.21843737687506384 0
1715168245458 0.24087338046898255 0
1715168248582 0.23965971984636067 0
1715168252068 0.23896132851445961 0
1715168256395 0.24048910725741704 0
1715168259588 0.21843737687506384 0
1715168262182 0.24087338046898255 0
1715168265382 0.23965971984636067 0
1715168269263 0.23971271532649116 0
1715168273804 0.2416024649418108 0
1715168277089 0.21843737687506384 0
1715168279758 0.24087338046898255 0
1715168282741 0.23965971984636067 0
1715168286304 0.23971271532649116 0
1715168290561 0.24206460726901383 0
1715168293641 0.21843737687506384 0
1715168296521 0.24087338046898255 0
1715168299813 0.23965971984636067 0
1715168303666 0.23971271532649116 0
1715168308402 0.23972678578874526 0
