1715168145273 0.8900239288462873 0
1715168151024 0.8761541430500713 0
1715168155210 0.8896553585908141 0
1715168158157 0.8908161214448544 0
1715168161314 0.889200248632589 0
1715168165125 0.8884517797994907 0
1715168167821 0.9083701879052654 0
1715168170159 0.8979296645478884 0
1715168172765 0.8944560140905417 0
1715168175735 0.8924966561920911 0
1715168179236 0.8908895547135799 0
1715168181854 0.9083701879052654 0
1715168184010 0.8967290749974496 0
1715168186453 0.8953134632666095 0
1715168189293 0.8926607591191288 0
1715168192515 0.890613036693015 0
1715168195187 0.9083701879052654 0
1715168197810 0.8913602417521084 0
1715168200501 0.8922671148853015 0
1715168203647 0.8905113213070442 0
1715168207119 0.890404752662305 0
1715168210057 0.9083701879052654 0
1715168212293 0.8913602417521084 0
1715168215521 0.8918371393231603 0
1715168218609 0.8901936347151532 0
1715168222881 0.8895814254478029 0
1715168226245 0.9083701879052654 0
1715168229121 0.8913602417521084 0
1715168232272 0.8930895755596421 0
1715168235843 0.8920845887094984 0
1715168239630 0.8909620570379138 0
1715168242870 0.9083701879052654 0
1715168245458 0.8913602417521084 0
1715168248582 0.8930895755596421 0
1715168252068 0.8923349469636711 0
1715168256395 0.8911522682022747 0
1715168259588 0.9083701879052654 0
1715168262182 0.8913602417521084 0
1715168265382 0.8930895755596421 0
1715168269263 0.8918234683346329 0
1715168273804 0.8904717937111557 0
1715168277089 0.9083701879052654 0
1715168279758 0.8913602417521084 0
1715168282741 0.8930895755596421 0
1715168286304 0.8918234683346329 0
1715168290561 0.8903175829314461 0
1715168293641 0.9083701879052654 0
1715168296521 0.8913602417521084 0
1715168299813 0.8930895755596421 0
1715168303666 0.8918234683346329 0
1715168308402 0.8907914846383941 0
