1715168145273 0.9039637981430758 0
1715168151024 0.895691416893733 0
1715168155210 0.8958822961410426 0
1715168158157 0.8973108980182218 0
1715168161314 0.9010862842220742 0
1715168165125 0.9025606077944157 0
1715168167821 0.9216059567173772 0
1715168170159 0.9043927038917268 0
1715168172765 0.9023838371242632 0
1715168175735 0.9042727947966089 0
1715168179236 0.905103443523544 0
1715168181854 0.9216059567173772 0
1715168184010 0.9040566000226327 0
1715168186453 0.902072628433521 0
1715168189293 0.9041632360538768 0
1715168192515 0.9052609456850265 0
1715168195187 0.9216059567173772 0
1715168197810 0.9017800851572421 0
1715168200501 0.9007627255477901 0
1715168203647 0.9033304670473308 0
1715168207119 0.9039717869740694 0
1715168210057 0.9216059567173772 0
1715168212293 0.9017800851572421 0
1715168215521 0.9011383129991939 0
1715168218609 0.9035779269448285 0
1715168222881 0.9049429557005021 0
1715168226245 0.9216059567173772 0
1715168229121 0.9017800851572421 0
1715168232272 0.901100504610166 0
1715168235843 0.9028131031260493 0
1715168239630 0.9039582322976379 0
1715168242870 0.9216059567173772 0
1715168245458 0.9017800851572421 0
1715168248582 0.901100504610166 0
1715168252068 0.9030149853609526 0
1715168256395 0.903944518688652 0
1715168259588 0.9216059567173772 0
1715168262182 0.9017800851572421 0
1715168265382 0.901100504610166 0
1715168269263 0.9011069259153619 0
1715168273804 0.9026000287440878 0
1715168277089 0.9216059567173772 0
1715168279758 0.9017800851572421 0
1715168282741 0.901100504610166 0
1715168286304 0.9011069259153619 0
1715168290561 0.9026386209740113 0
1715168293641 0.9216059567173772 0
1715168296521 0.9017800851572421 0
1715168299813 0.901100504610166 0
1715168303666 0.9011069259153619 0
1715168308402 0.9048580150006821 0
