1715168145273 0.8887721213581062 0
1715168151024 0.8753123912722187 0
1715168155210 0.889259043907993 0
1715168158157 0.8898489457457626 0
1715168161314 0.8882965486172606 0
1715168165125 0.8870404103640573 0
1715168167821 0.9087398620233933 0
1715168170159 0.8976805057522333 0
1715168172765 0.8937875245593007 0
1715168175735 0.8914252531993613 0
1715168179236 0.8896380247677156 0
1715168181854 0.9087398620233933 0
1715168184010 0.8960946464864938 0
1715168186453 0.8946371808970282 0
1715168189293 0.8916167228102011 0
1715168192515 0.8893344383875117 0
1715168195187 0.9087398620233933 0
1715168197810 0.8904736856566587 0
1715168200501 0.8915907823668624 0
1715168203647 0.8892902604129768 0
1715168207119 0.8890550492200491 0
1715168210057 0.9087398620233933 0
1715168212293 0.8904736856566587 0
1715168215521 0.8909801226009814 0
1715168218609 0.8890436717722867 0
1715168222881 0.8882099556625138 0
1715168226245 0.9087398620233933 0
1715168229121 0.8904736856566587 0
1715168232272 0.8926166065743624 0
1715168235843 0.8910610185444623 0
1715168239630 0.8896978778191624 0
1715168242870 0.9087398620233933 0
1715168245458 0.8904736856566587 0
1715168248582 0.8926166065743624 0
1715168252068 0.8915182726479133 0
1715168256395 0.8900057832985414 0
1715168259588 0.9087398620233933 0
1715168262182 0.8904736856566587 0
1715168265382 0.8926166065743624 0
1715168269263 0.8910301692361352 0
1715168273804 0.8892503580880413 0
1715168277089 0.9087398620233933 0
1715168279758 0.8904736856566587 0
1715168282741 0.8926166065743624 0
1715168286304 0.8910301692361352 0
1715168290561 0.8890579115980982 0
1715168293641 0.9087398620233933 0
1715168296521 0.8904736856566587 0
1715168299813 0.8926166065743624 0
1715168303666 0.8910301692361352 0
1715168308402 0.8897725716846662 0
