1715168146416 0.9036976220884266 0
1715168151926 0.8925312605610003 0
1715168155944 0.9047718058010188 0
1715168159101 0.9051480525863128 0
1715168162456 0.9039543096307276 0
1715168166099 0.9025576916579383 0
1715168168399 0.9168638053396417 0
1715168170874 0.9102817340679904 0
1715168173684 0.9077282221403121 0
1715168176593 0.9058726075772768 0
1715168180195 0.9042470520660878 0
1715168182427 0.9168638053396417 0
1715168184696 0.9091381640503171 0
1715168187251 0.9082811156161691 0
1715168190132 0.906003400619087 0
1715168193565 0.9040443288171098 0
1715168195773 0.9168638053396417 0
1715168198533 0.9046678448903213 0
1715168201381 0.9063152721464554 0
1715168204558 0.9044774817979684 0
1715168208381 0.9038416055681319 0
1715168210630 0.9168638053396417 0
1715168213009 0.9046678448903213 0
1715168216426 0.9058852438874555 0
1715168219633 0.9043466887561582 0
1715168224120 0.9033010102375241 0
1715168226926 0.9168638053396417 0
1715168230033 0.9046678448903213 0
1715168233132 0.9064381373633125 0
1715168236833 0.9056546191742599 0
1715168240867 0.9042808392742507 0
1715168243499 0.9168638053396417 0
1715168246272 0.9046678448903213 0
1715168249468 0.9064381373633125 0
1715168253346 0.906003400619087 0
1715168257666 0.9045173497313916 0
1715168260192 0.9168638053396417 0
1715168262984 0.9046678448903213 0
1715168266320 0.9064381373633125 0
1715168270541 0.9057418145354668 0
1715168275019 0.9040105416089469 0
1715168277729 0.9168638053396417 0
1715168280519 0.9046678448903213 0
1715168283660 0.9064381373633125 0
1715168287322 0.9057418145354668 0
1715168291685 0.9038753927762949 0
1715168294247 0.9168638053396417 0
1715168297354 0.9046678448903213 0
1715168300845 0.9064381373633125 0
1715168304752 0.9057418145354668 0
1715168309551 0.9044159881069027 0
