1714664430771 0.8884544197566216 0
1714664433483 0.8763129555391209 0
1714664435647 0.8887988745773339 0
1714664438112 0.889238870926722 0
1714664440656 0.8887679065118261 0
1714664443492 0.8873516180548418 0
1714664445734 0.909604453765491 0
1714664447852 0.8945397317032827 0
1714664450189 0.8931305839434681 0
1714664453517 0.8903828012426067 0
1714664456323 0.8888109111857457 0
1714664458430 0.909604453765491 0
1714664460409 0.8959574387302297 0
1714664462695 0.8944143226799253 0
1714664464971 0.8918080321875317 0
1714664467376 0.8894191366449913 0
1714664469558 0.909604453765491 0
1714664471559 0.8894764022457722 0
1714664473864 0.8919474071940011 0
1714664476446 0.8896052403647967 0
1714664479440 0.8882720218271861 0
1714664481767 0.909604453765491 0
1714664483991 0.8894764022457722 0
1714664486264 0.8912228295329605 0
1714664488844 0.8894845879033615 0
1714664491687 0.8882356861524628 0
1714664494234 0.909604453765491 0
1714664496591 0.8894764022457722 0
1714664499027 0.8914792550939449 0
1714664501656 0.8908699793736105 0
1714664504467 0.8896460278315121 0
1714664507036 0.909604453765491 0
1714664509303 0.8894764022457722 0
1714664511694 0.8914792550939449 0
1714664514291 0.8904828394549411 0
1714664517409 0.8892824248229266 0
1714664519906 0.909604453765491 0
1714664522119 0.8894764022457722 0
1714664524630 0.8914792550939449 0
1714664527206 0.89134331338117 0
1714664530040 0.8889013713690881 0
1714664532733 0.909604453765491 0
1714664535044 0.8894764022457722 0
1714664537636 0.8914792550939449 0
1714664540273 0.89134331338117 0
1714664543066 0.8886680678823384 0
1714664545555 0.909604453765491 0
1714664547717 0.8894764022457722 0
1714664550106 0.8914792550939449 0
1714664552725 0.89134331338117 0
1714664555453 0.8894714644269979 0
