1714664430771 0.9034239494009609 0
1714664433483 0.8932071645826293 0
1714664435647 0.9044599230689261 0
1714664438112 0.9047794569357415 0
1714664440656 0.904215895714348 0
1714664443492 0.9027942021150792 0
1714664445734 0.9175397093612707 0
1714664447852 0.9080985549433414 0
1714664450189 0.9072367612728837 0
1714664453517 0.9051314470070192 0
1714664456323 0.903638882319154 0
1714664458430 0.9175397093612707 0
1714664460409 0.9090342031396195 0
1714664462695 0.9080968177908834 0
1714664464971 0.9061341936608972 0
1714664467376 0.9040781160252729 0
1714664469558 0.9175397093612707 0
1714664471559 0.9039401185154382 0
1714664473864 0.906499569971741 0
1714664476446 0.9046518725203819 0
1714664479440 0.9032672230293611 0
1714664481767 0.9175397093612707 0
1714664483991 0.9039401185154382 0
1714664486264 0.9060081091043126 0
1714664488844 0.9046082748397786 0
1714664491687 0.9033010102375241 0
1714664494234 0.9175397093612707 0
1714664496591 0.9039401185154382 0
1714664499027 0.9056395134537413 0
1714664501656 0.9054802284518464 0
1714664504467 0.9042470520660878 0
1714664507036 0.9175397093612707 0
1714664509303 0.9039401185154382 0
1714664511694 0.9056395134537413 0
1714664514291 0.9052622400488294 0
1714664517409 0.9040105416089469 0
1714664519906 0.9175397093612707 0
1714664522119 0.9039401185154382 0
1714664524630 0.9056395134537413 0
1714664527206 0.9059162052578803 0
1714664530040 0.9037740311518059 0
1714664532733 0.9175397093612707 0
1714664535044 0.9039401185154382 0
1714664537636 0.9056395134537413 0
1714664540273 0.9059162052578803 0
1714664543066 0.903638882319154 0
1714664545555 0.9175397093612707 0
1714664547717 0.9039401185154382 0
1714664550106 0.9056395134537413 0
1714664552725 0.9059162052578803 0
1714664555453 0.9041456904415988 0
