1714664430771 0.24036804044915383 0
1714664433483 0.2590309133501746 0
1714664435647 0.2430972792211771 0
1714664438112 0.24145172401787302 0
1714664440656 0.24160987606874637 0
1714664443492 0.24249556032121752 0
1714664445734 0.2174176671815363 0
1714664447852 0.23373081366146034 0
1714664450189 0.23637320621983512 0
1714664453517 0.23794220865363228 0
1714664456323 0.23953888243458746 0
1714664458430 0.2174176671815363 0
1714664460409 0.23252566150197002 0
1714664462695 0.23570873707516318 0
1714664464971 0.23739798134044424 0
1714664467376 0.2391650855785787 0
1714664469558 0.2174176671815363 0
1714664471559 0.24015766494553395 0
1714664473864 0.23766178700292714 0
1714664476446 0.23871387911930306 0
1714664479440 0.2401808908290262 0
1714664481767 0.2174176671815363 0
1714664483991 0.24015766494553395 0
1714664486264 0.23843685646632393 0
1714664488844 0.2392804284299196 0
1714664491687 0.24060885443254992 0
1714664494234 0.2174176671815363 0
1714664496591 0.24015766494553395 0
1714664499027 0.23894603728931202 0
1714664501656 0.23755714939689374 0
1714664504467 0.23930973775648773 0
1714664507036 0.2174176671815363 0
1714664509303 0.24015766494553395 0
1714664511694 0.23894603728931202 0
1714664514291 0.23835926329825569 0
1714664517409 0.239965683358081 0
1714664519906 0.2174176671815363 0
1714664522119 0.24015766494553395 0
1714664524630 0.23894603728931202 0
1714664527206 0.23892947493017572 0
1714664530040 0.2410935488845468 0
1714664532733 0.2174176671815363 0
1714664535044 0.24015766494553395 0
1714664537636 0.23894603728931202 0
1714664540273 0.23892947493017572 0
1714664543066 0.24135123315413928 0
1714664545555 0.2174176671815363 0
1714664547717 0.24015766494553395 0
1714664550106 0.23894603728931202 0
1714664552725 0.23892947493017572 0
1714664555453 0.2393197969098517 0
