1714664430771 0.9046652756715563 0
1714664433483 0.8966837807380496 0
1714664435647 0.8961135928400373 0
1714664438112 0.8977560152970983 0
1714664440656 0.9013569063812981 0
1714664443492 0.9031775726185547 0
1714664445734 0.9223944718234414 0
1714664447852 0.9048436095698613 0
1714664450189 0.9029523693681798 0
1714664453517 0.9048289954824876 0
1714664456323 0.9058287719690199 0
1714664458430 0.9223944718234414 0
1714664460409 0.9050472162035926 0
1714664462695 0.9031437056491233 0
1714664464971 0.9049878374666848 0
1714664467376 0.9058616199223318 0
1714664469558 0.9223944718234414 0
1714664471559 0.9025845436404187 0
1714664473864 0.9017596388906848 0
1714664476446 0.9039324273234487 0
1714664479440 0.9050243518730426 0
1714664481767 0.9223944718234414 0
1714664483991 0.9025845436404187 0
1714664486264 0.9020157369112349 0
1714664488844 0.9042525338020606 0
1714664491687 0.9054250378713573 0
1714664494234 0.9223944718234414 0
1714664496591 0.9025845436404187 0
1714664499027 0.9017880592195712 0
1714664501656 0.9036953085762875 0
1714664504467 0.9047986052079021 0
1714664507036 0.9223944718234414 0
1714664509303 0.9025845436404187 0
1714664511694 0.9017880592195712 0
1714664514291 0.9037364720997105 0
1714664517409 0.9049747932968607 0
1714664519906 0.9223944718234414 0
1714664522119 0.9025845436404187 0
1714664524630 0.9017880592195712 0
1714664527206 0.9016866682767212 0
1714664530040 0.9033103267108408 0
1714664532733 0.9223944718234414 0
1714664535044 0.9025845436404187 0
1714664537636 0.9017880592195712 0
1714664540273 0.9016866682767212 0
1714664543066 0.9033644432456389 0
1714664545555 0.9223944718234414 0
1714664547717 0.9025845436404187 0
1714664550106 0.9017880592195712 0
1714664552725 0.9016866682767212 0
1714664555453 0.9054162232999438 0
