1714664430771 0.8899080916761026 0
1714664433483 0.8769330478107625 0
1714664435647 0.8893318970453716 0
1714664438112 0.8901721835575968 0
1714664440656 0.8897818148933617 0
1714664443492 0.8886402683086354 0
1714664445734 0.9092730741449219 0
1714664447852 0.8952073453231099 0
1714664450189 0.8940595780379166 0
1714664453517 0.8916947289583894 0
1714664456323 0.8902877289763172 0
1714664458430 0.9092730741449219 0
1714664460409 0.8966443405604247 0
1714664462695 0.8952455850457882 0
1714664464971 0.892824812933319 0
1714664467376 0.8907538179288659 0
1714664469558 0.9092730741449219 0
1714664471559 0.8906349463671924 0
1714664473864 0.8927981027761324 0
1714664476446 0.8908924834956022 0
1714664479440 0.889830285568983 0
1714664481767 0.9092730741449219 0
1714664483991 0.8906349463671924 0
1714664486264 0.8921920793477859 0
1714664488844 0.8906763967128618 0
1714664491687 0.8896506643753451 0
1714664494234 0.9092730741449219 0
1714664496591 0.8906349463671924 0
1714664499027 0.8921975990652574 0
1714664501656 0.8920633236411277 0
1714664504467 0.890912235374706 0
1714664507036 0.9092730741449219 0
1714664509303 0.8906349463671924 0
1714664511694 0.8921975990652574 0
1714664514291 0.8915909312464306 0
1714664517409 0.8905631253890094 0
1714664519906 0.9092730741449219 0
1714664522119 0.8906349463671924 0
1714664524630 0.8921975990652574 0
1714664527206 0.8922335707760612 0
1714664530040 0.8901675111603489 0
1714664532733 0.9092730741449219 0
1714664535044 0.8906349463671924 0
1714664537636 0.8921975990652574 0
1714664540273 0.8922335707760612 0
1714664543066 0.8898980620830321 0
1714664545555 0.9092730741449219 0
1714664547717 0.8906349463671924 0
1714664550106 0.8921975990652574 0
1714664552725 0.8922335707760612 0
1714664555453 0.8907341306816297 0
