1714664431601 0.9034239494009609 0
1714664434000 0.8932071645826293 0
1714664436234 0.9044599230689261 0
1714664438752 0.9047794569357415 0
1714664441319 0.904215895714348 0
1714664444154 0.9027942021150792 0
1714664446233 0.9175397093612707 0
1714664448396 0.9080985549433414 0
1714664451600 0.9072367612728837 0
1714664454230 0.9051314470070192 0
1714664456971 0.903638882319154 0
1714664458926 0.9175397093612707 0
1714664460942 0.9090342031396195 0
1714664463267 0.9080968177908834 0
1714664465610 0.9061341936608972 0
1714664468036 0.9040781160252729 0
1714664470059 0.9175397093612707 0
1714664472122 0.9039401185154382 0
1714664474486 0.906499569971741 0
1714664477385 0.9046518725203819 0
1714664480146 0.9032672230293611 0
1714664482274 0.9175397093612707 0
1714664484545 0.9039401185154382 0
1714664486877 0.9060081091043126 0
1714664489613 0.9046082748397786 0
1714664492476 0.9033010102375241 0
1714664494804 0.9175397093612707 0
1714664497200 0.9039401185154382 0
1714664499746 0.9056395134537413 0
1714664502404 0.9054802284518464 0
1714664505250 0.9042470520660878 0
1714664507601 0.9175397093612707 0
1714664509920 0.9039401185154382 0
1714664512363 0.9056395134537413 0
1714664515298 0.9052622400488294 0
1714664518178 0.9040105416089469 0
1714664520460 0.9175397093612707 0
1714664522773 0.9039401185154382 0
1714664525328 0.9056395134537413 0
1714664527938 0.9059162052578803 0
1714664530825 0.9037740311518059 0
1714664533322 0.9175397093612707 0
1714664535658 0.9039401185154382 0
1714664538315 0.9056395134537413 0
1714664541036 0.9059162052578803 0
1714664543865 0.903638882319154 0
1714664546087 0.9175397093612707 0
1714664548286 0.9039401185154382 0
1714664550769 0.9056395134537413 0
1714664553445 0.9059162052578803 0
1714664556287 0.9041456904415988 0
