1714939878159 0.9034239494009609 0
1714939880998 0.8932071645826293 0
1714939883170 0.9044599230689261 0
1714939885548 0.9047794569357415 0
1714939888147 0.904215895714348 0
1714939890798 0.9027942021150792 0
1714939893036 0.9175397093612707 0
1714939895251 0.9080985549433414 0
1714939897640 0.9072367612728837 0
1714939900356 0.9051314470070192 0
1714939903169 0.903638882319154 0
1714939905600 0.9175397093612707 0
1714939908059 0.9090342031396195 0
1714939910494 0.9080968177908834 0
1714939912960 0.9061341936608972 0
1714939915797 0.9040781160252729 0
1714939917917 0.9175397093612707 0
1714939920047 0.9039401185154382 0
1714939922548 0.906499569971741 0
1714939925580 0.9046518725203819 0
1714939928494 0.9032672230293611 0
1714939930804 0.9175397093612707 0
1714939933404 0.9039401185154382 0
1714939936425 0.9060081091043126 0
1714939939816 0.9046082748397786 0
1714939942696 0.9033010102375241 0
1714939945123 0.9175397093612707 0
1714939947407 0.9039401185154382 0
1714939949642 0.9056395134537413 0
1714939952800 0.9054802284518464 0
1714939956231 0.9042470520660878 0
1714939958482 0.9175397093612707 0
1714939960599 0.9039401185154382 0
1714939962987 0.9056395134537413 0
1714939965578 0.9052622400488294 0
1714939968346 0.9040105416089469 0
1714939970449 0.9175397093612707 0
1714939972505 0.9039401185154382 0
1714939974710 0.9056395134537413 0
1714939977037 0.9059162052578803 0
1714939979961 0.9037740311518059 0
1714939982583 0.9175397093612707 0
1714939985331 0.9039401185154382 0
1714939988125 0.9056395134537413 0
1714939991532 0.9059162052578803 0
1714939994984 0.903638882319154 0
1714939997197 0.9175397093612707 0
1714939999260 0.9039401185154382 0
1714940001553 0.9056395134537413 0
1714940003923 0.9059162052578803 0
1714940006533 0.9041456904415988 0
