1714939877370 0.9046652756715563 0
1714939880393 0.8966837807380496 0
1714939882514 0.8961135928400373 0
1714939884896 0.8977560152970983 0
1714939887405 0.9013569063812981 0
1714939890010 0.9031775726185547 0
1714939892375 0.9223944718234414 0
1714939894601 0.9048436095698613 0
1714939896941 0.9029523693681798 0
1714939899603 0.9048289954824876 0
1714939902415 0.9058287719690199 0
1714939904841 0.9223944718234414 0
1714939907459 0.9050472162035926 0
1714939909799 0.9031437056491233 0
1714939912257 0.9049878374666848 0
1714939914835 0.9058616199223318 0
1714939917339 0.9223944718234414 0
1714939919448 0.9025845436404187 0
1714939921854 0.9017596388906848 0
1714939924796 0.9039324273234487 0
1714939927741 0.9050243518730426 0
1714939930167 0.9223944718234414 0
1714939932567 0.9025845436404187 0
1714939935720 0.9020157369112349 0
1714939938903 0.9042525338020606 0
1714939941933 0.9054250378713573 0
1714939944341 0.9223944718234414 0
1714939946785 0.9025845436404187 0
1714939949000 0.9017880592195712 0
1714939951939 0.9036953085762875 0
1714939955287 0.9047986052079021 0
1714939957928 0.9223944718234414 0
1714939959996 0.9025845436404187 0
1714939962335 0.9017880592195712 0
1714939964872 0.9037364720997105 0
1714939967584 0.9049747932968607 0
1714939969906 0.9223944718234414 0
1714939971919 0.9025845436404187 0
1714939974081 0.9017880592195712 0
1714939976351 0.9016866682767212 0
1714939979208 0.9033103267108408 0
1714939981798 0.9223944718234414 0
1714939984718 0.9025845436404187 0
1714939987394 0.9017880592195712 0
1714939990551 0.9016866682767212 0
1714939994098 0.9033644432456389 0
1714939996657 0.9223944718234414 0
1714939998670 0.9025845436404187 0
1714940000910 0.9017880592195712 0
1714940003234 0.9016866682767212 0
1714940005768 0.9054162232999438 0
