1714939877370 0.9034239494009609 0
1714939880393 0.8932071645826293 0
1714939882514 0.9044599230689261 0
1714939884896 0.9047794569357415 0
1714939887405 0.904215895714348 0
1714939890010 0.9027942021150792 0
1714939892375 0.9175397093612707 0
1714939894601 0.9080985549433414 0
1714939896941 0.9072367612728837 0
1714939899603 0.9051314470070192 0
1714939902415 0.903638882319154 0
1714939904841 0.9175397093612707 0
1714939907459 0.9090342031396195 0
1714939909799 0.9080968177908834 0
1714939912257 0.9061341936608972 0
1714939914835 0.9040781160252729 0
1714939917339 0.9175397093612707 0
1714939919448 0.9039401185154382 0
1714939921854 0.906499569971741 0
1714939924796 0.9046518725203819 0
1714939927741 0.9032672230293611 0
1714939930167 0.9175397093612707 0
1714939932567 0.9039401185154382 0
1714939935720 0.9060081091043126 0
1714939938903 0.9046082748397786 0
1714939941933 0.9033010102375241 0
1714939944341 0.9175397093612707 0
1714939946785 0.9039401185154382 0
1714939949000 0.9056395134537413 0
1714939951939 0.9054802284518464 0
1714939955287 0.9042470520660878 0
1714939957928 0.9175397093612707 0
1714939959996 0.9039401185154382 0
1714939962335 0.9056395134537413 0
1714939964872 0.9052622400488294 0
1714939967584 0.9040105416089469 0
1714939969906 0.9175397093612707 0
1714939971919 0.9039401185154382 0
1714939974081 0.9056395134537413 0
1714939976351 0.9059162052578803 0
1714939979208 0.9037740311518059 0
1714939981798 0.9175397093612707 0
1714939984718 0.9039401185154382 0
1714939987394 0.9056395134537413 0
1714939990551 0.9059162052578803 0
1714939994098 0.903638882319154 0
1714939996657 0.9175397093612707 0
1714939998670 0.9039401185154382 0
1714940000910 0.9056395134537413 0
1714940003234 0.9059162052578803 0
1714940005768 0.9041456904415988 0
