1714939877370 0.24036804044915383 0
1714939880393 0.2590309133501746 0
1714939882514 0.2430972792211771 0
1714939884896 0.24145172401787302 0
1714939887405 0.24160987606874637 0
1714939890010 0.24249556032121752 0
1714939892375 0.2174176671815363 0
1714939894601 0.23373081366146034 0
1714939896941 0.23637320621983512 0
1714939899603 0.23794220865363228 0
1714939902415 0.23953888243458746 0
1714939904841 0.2174176671815363 0
1714939907459 0.23252566150197002 0
1714939909799 0.23570873707516318 0
1714939912257 0.23739798134044424 0
1714939914835 0.2391650855785787 0
1714939917339 0.2174176671815363 0
1714939919448 0.24015766494553395 0
1714939921854 0.23766178700292714 0
1714939924796 0.23871387911930306 0
1714939927741 0.2401808908290262 0
1714939930167 0.2174176671815363 0
1714939932567 0.24015766494553395 0
1714939935720 0.23843685646632393 0
1714939938903 0.2392804284299196 0
1714939941933 0.24060885443254992 0
1714939944341 0.2174176671815363 0
1714939946785 0.24015766494553395 0
1714939949000 0.23894603728931202 0
1714939951939 0.23755714939689374 0
1714939955287 0.23930973775648773 0
1714939957928 0.2174176671815363 0
1714939959996 0.24015766494553395 0
1714939962335 0.23894603728931202 0
1714939964872 0.23835926329825569 0
1714939967584 0.239965683358081 0
1714939969906 0.2174176671815363 0
1714939971919 0.24015766494553395 0
1714939974081 0.23894603728931202 0
1714939976351 0.23892947493017572 0
1714939979208 0.2410935488845468 0
1714939981798 0.2174176671815363 0
1714939984718 0.24015766494553395 0
1714939987394 0.23894603728931202 0
1714939990551 0.23892947493017572 0
1714939994098 0.24135123315413928 0
1714939996657 0.2174176671815363 0
1714939998670 0.24015766494553395 0
1714940000910 0.23894603728931202 0
1714940003234 0.23892947493017572 0
1714940005768 0.2393197969098517 0
