1714939877370 0.8884544197566216 0
1714939880393 0.8763129555391209 0
1714939882514 0.8887988745773339 0
1714939884896 0.889238870926722 0
1714939887405 0.8887679065118261 0
1714939890010 0.8873516180548418 0
1714939892375 0.909604453765491 0
1714939894601 0.8945397317032827 0
1714939896941 0.8931305839434681 0
1714939899603 0.8903828012426067 0
1714939902415 0.8888109111857457 0
1714939904841 0.909604453765491 0
1714939907459 0.8959574387302297 0
1714939909799 0.8944143226799253 0
1714939912257 0.8918080321875317 0
1714939914835 0.8894191366449913 0
1714939917339 0.909604453765491 0
1714939919448 0.8894764022457722 0
1714939921854 0.8919474071940011 0
1714939924796 0.8896052403647967 0
1714939927741 0.8882720218271861 0
1714939930167 0.909604453765491 0
1714939932567 0.8894764022457722 0
1714939935720 0.8912228295329605 0
1714939938903 0.8894845879033615 0
1714939941933 0.8882356861524628 0
1714939944341 0.909604453765491 0
1714939946785 0.8894764022457722 0
1714939949000 0.8914792550939449 0
1714939951939 0.8908699793736105 0
1714939955287 0.8896460278315121 0
1714939957928 0.909604453765491 0
1714939959996 0.8894764022457722 0
1714939962335 0.8914792550939449 0
1714939964872 0.8904828394549411 0
1714939967584 0.8892824248229266 0
1714939969906 0.909604453765491 0
1714939971919 0.8894764022457722 0
1714939974081 0.8914792550939449 0
1714939976351 0.89134331338117 0
1714939979208 0.8889013713690881 0
1714939981798 0.909604453765491 0
1714939984718 0.8894764022457722 0
1714939987394 0.8914792550939449 0
1714939990551 0.89134331338117 0
1714939994098 0.8886680678823384 0
1714939996657 0.909604453765491 0
1714939998670 0.8894764022457722 0
1714940000910 0.8914792550939449 0
1714940003234 0.89134331338117 0
1714940005768 0.8894714644269979 0
