1714939877370 0.8899080916761026 0
1714939880393 0.8769330478107625 0
1714939882514 0.8893318970453716 0
1714939884896 0.8901721835575968 0
1714939887405 0.8897818148933617 0
1714939890010 0.8886402683086354 0
1714939892375 0.9092730741449219 0
1714939894601 0.8952073453231099 0
1714939896941 0.8940595780379166 0
1714939899603 0.8916947289583894 0
1714939902415 0.8902877289763172 0
1714939904841 0.9092730741449219 0
1714939907459 0.8966443405604247 0
1714939909799 0.8952455850457882 0
1714939912257 0.892824812933319 0
1714939914835 0.8907538179288659 0
1714939917339 0.9092730741449219 0
1714939919448 0.8906349463671924 0
1714939921854 0.8927981027761324 0
1714939924796 0.8908924834956022 0
1714939927741 0.889830285568983 0
1714939930167 0.9092730741449219 0
1714939932567 0.8906349463671924 0
1714939935720 0.8921920793477859 0
1714939938903 0.8906763967128618 0
1714939941933 0.8896506643753451 0
1714939944341 0.9092730741449219 0
1714939946785 0.8906349463671924 0
1714939949000 0.8921975990652574 0
1714939951939 0.8920633236411277 0
1714939955287 0.890912235374706 0
1714939957928 0.9092730741449219 0
1714939959996 0.8906349463671924 0
1714939962335 0.8921975990652574 0
1714939964872 0.8915909312464306 0
1714939967584 0.8905631253890094 0
1714939969906 0.9092730741449219 0
1714939971919 0.8906349463671924 0
1714939974081 0.8921975990652574 0
1714939976351 0.8922335707760612 0
1714939979208 0.8901675111603489 0
1714939981798 0.9092730741449219 0
1714939984718 0.8906349463671924 0
1714939987394 0.8921975990652574 0
1714939990551 0.8922335707760612 0
1714939994098 0.8898980620830321 0
1714939996657 0.9092730741449219 0
1714939998670 0.8906349463671924 0
1714940000910 0.8921975990652574 0
1714940003234 0.8922335707760612 0
1714940005768 0.8907341306816297 0
