1714663875891 0.24036804044915383 0
1714663879163 0.2590309133501746 0
1714663881377 0.2430972792211771 0
1714663883930 0.24145172401787302 0
1714663886500 0.24160987606874637 0
1714663889143 0.24249556032121752 0
1714663891426 0.2174176671815363 0
1714663893585 0.23373081366146034 0
1714663895983 0.23637320621983512 0
1714663898520 0.23794220865363228 0
1714663901194 0.23953888243458746 0
1714663903542 0.2174176671815363 0
1714663905702 0.23252566150197002 0
1714663908197 0.23570873707516318 0
1714663910672 0.23739798134044424 0
1714663913366 0.2391650855785787 0
1714663915678 0.2174176671815363 0
1714663917829 0.24015766494553395 0
1714663920164 0.23766178700292714 0
1714663922784 0.23871387911930306 0
1714663925392 0.2401808908290262 0
1714663927822 0.2174176671815363 0
1714663930100 0.24015766494553395 0
1714663932566 0.23843685646632393 0
1714663935124 0.2392804284299196 0
1714663937934 0.24060885443254992 0
1714663940635 0.2174176671815363 0
1714663942939 0.24015766494553395 0
1714663945414 0.23894603728931202 0
1714663948164 0.23755714939689374 0
1714663950976 0.23930973775648773 0
1714663953447 0.2174176671815363 0
1714663955685 0.24015766494553395 0
1714663958204 0.23894603728931202 0
1714663960780 0.23835926329825569 0
1714663963671 0.239965683358081 0
1714663966206 0.2174176671815363 0
1714663968597 0.24015766494553395 0
1714663971032 0.23894603728931202 0
1714663973591 0.23892947493017572 0
1714663976340 0.2410935488845468 0
1714663978873 0.2174176671815363 0
1714663981361 0.24015766494553395 0
1714663983815 0.23894603728931202 0
1714663986390 0.23892947493017572 0
1714663989374 0.24135123315413928 0
1714663991851 0.2174176671815363 0
1714663994107 0.24015766494553395 0
1714663996452 0.23894603728931202 0
1714663999118 0.23892947493017572 0
1714664002008 0.2393197969098517 0
