1714663876636 0.9034239494009609 0
1714663879709 0.8932071645826293 0
1714663882206 0.9044599230689261 0
1714663884530 0.9047794569357415 0
1714663887164 0.904215895714348 0
1714663889821 0.9027942021150792 0
1714663891967 0.9175397093612707 0
1714663894166 0.9080985549433414 0
1714663896589 0.9072367612728837 0
1714663899200 0.9051314470070192 0
1714663901873 0.903638882319154 0
1714663904063 0.9175397093612707 0
1714663906253 0.9090342031396195 0
1714663908799 0.9080968177908834 0
1714663911332 0.9061341936608972 0
1714663914080 0.9040781160252729 0
1714663916182 0.9175397093612707 0
1714663918412 0.9039401185154382 0
1714663920786 0.906499569971741 0
1714663923420 0.9046518725203819 0
1714663926133 0.9032672230293611 0
1714663928334 0.9175397093612707 0
1714663930654 0.9039401185154382 0
1714663933196 0.9060081091043126 0
1714663935778 0.9046082748397786 0
1714663938973 0.9033010102375241 0
1714663941200 0.9175397093612707 0
1714663943555 0.9039401185154382 0
1714663946099 0.9056395134537413 0
1714663948913 0.9054802284518464 0
1714663951793 0.9042470520660878 0
1714663954003 0.9175397093612707 0
1714663956352 0.9039401185154382 0
1714663958908 0.9056395134537413 0
1714663961526 0.9052622400488294 0
1714663964487 0.9040105416089469 0
1714663966785 0.9175397093612707 0
1714663969205 0.9039401185154382 0
1714663971686 0.9056395134537413 0
1714663974327 0.9059162052578803 0
1714663977119 0.9037740311518059 0
1714663979698 0.9175397093612707 0
1714663981943 0.9039401185154382 0
1714663984497 0.9056395134537413 0
1714663987117 0.9059162052578803 0
1714663990173 0.903638882319154 0
1714663992434 0.9175397093612707 0
1714663994703 0.9039401185154382 0
1714663997107 0.9056395134537413 0
1714663999878 0.9059162052578803 0
1714664002792 0.9041456904415988 0
