1714663875891 0.8884544197566216 0
1714663879163 0.8763129555391209 0
1714663881377 0.8887988745773339 0
1714663883930 0.889238870926722 0
1714663886500 0.8887679065118261 0
1714663889143 0.8873516180548418 0
1714663891426 0.909604453765491 0
1714663893585 0.8945397317032827 0
1714663895983 0.8931305839434681 0
1714663898520 0.8903828012426067 0
1714663901194 0.8888109111857457 0
1714663903542 0.909604453765491 0
1714663905702 0.8959574387302297 0
1714663908197 0.8944143226799253 0
1714663910672 0.8918080321875317 0
1714663913366 0.8894191366449913 0
1714663915678 0.909604453765491 0
1714663917829 0.8894764022457722 0
1714663920164 0.8919474071940011 0
1714663922784 0.8896052403647967 0
1714663925392 0.8882720218271861 0
1714663927822 0.909604453765491 0
1714663930100 0.8894764022457722 0
1714663932566 0.8912228295329605 0
1714663935124 0.8894845879033615 0
1714663937934 0.8882356861524628 0
1714663940635 0.909604453765491 0
1714663942939 0.8894764022457722 0
1714663945414 0.8914792550939449 0
1714663948164 0.8908699793736105 0
1714663950976 0.8896460278315121 0
1714663953447 0.909604453765491 0
1714663955685 0.8894764022457722 0
1714663958204 0.8914792550939449 0
1714663960780 0.8904828394549411 0
1714663963671 0.8892824248229266 0
1714663966206 0.909604453765491 0
1714663968597 0.8894764022457722 0
1714663971032 0.8914792550939449 0
1714663973591 0.89134331338117 0
1714663976340 0.8889013713690881 0
1714663978873 0.909604453765491 0
1714663981361 0.8894764022457722 0
1714663983815 0.8914792550939449 0
1714663986390 0.89134331338117 0
1714663989374 0.8886680678823384 0
1714663991851 0.909604453765491 0
1714663994107 0.8894764022457722 0
1714663996452 0.8914792550939449 0
1714663999118 0.89134331338117 0
1714664002008 0.8894714644269979 0
