1714663875891 0.9046652756715563 0
1714663879163 0.8966837807380496 0
1714663881377 0.8961135928400373 0
1714663883930 0.8977560152970983 0
1714663886500 0.9013569063812981 0
1714663889143 0.9031775726185547 0
1714663891426 0.9223944718234414 0
1714663893585 0.9048436095698613 0
1714663895983 0.9029523693681798 0
1714663898520 0.9048289954824876 0
1714663901194 0.9058287719690199 0
1714663903542 0.9223944718234414 0
1714663905702 0.9050472162035926 0
1714663908197 0.9031437056491233 0
1714663910672 0.9049878374666848 0
1714663913366 0.9058616199223318 0
1714663915678 0.9223944718234414 0
1714663917829 0.9025845436404187 0
1714663920164 0.9017596388906848 0
1714663922784 0.9039324273234487 0
1714663925392 0.9050243518730426 0
1714663927822 0.9223944718234414 0
1714663930100 0.9025845436404187 0
1714663932566 0.9020157369112349 0
1714663935124 0.9042525338020606 0
1714663937934 0.9054250378713573 0
1714663940635 0.9223944718234414 0
1714663942939 0.9025845436404187 0
1714663945414 0.9017880592195712 0
1714663948164 0.9036953085762875 0
1714663950976 0.9047986052079021 0
1714663953447 0.9223944718234414 0
1714663955685 0.9025845436404187 0
1714663958204 0.9017880592195712 0
1714663960780 0.9037364720997105 0
1714663963671 0.9049747932968607 0
1714663966206 0.9223944718234414 0
1714663968597 0.9025845436404187 0
1714663971032 0.9017880592195712 0
1714663973591 0.9016866682767212 0
1714663976340 0.9033103267108408 0
1714663978873 0.9223944718234414 0
1714663981361 0.9025845436404187 0
1714663983815 0.9017880592195712 0
1714663986390 0.9016866682767212 0
1714663989374 0.9033644432456389 0
1714663991851 0.9223944718234414 0
1714663994107 0.9025845436404187 0
1714663996452 0.9017880592195712 0
1714663999118 0.9016866682767212 0
1714664002008 0.9054162232999438 0
