1714663875891 0.8899080916761026 0
1714663879163 0.8769330478107625 0
1714663881377 0.8893318970453716 0
1714663883930 0.8901721835575968 0
1714663886500 0.8897818148933617 0
1714663889143 0.8886402683086354 0
1714663891426 0.9092730741449219 0
1714663893585 0.8952073453231099 0
1714663895983 0.8940595780379166 0
1714663898520 0.8916947289583894 0
1714663901194 0.8902877289763172 0
1714663903542 0.9092730741449219 0
1714663905702 0.8966443405604247 0
1714663908197 0.8952455850457882 0
1714663910672 0.892824812933319 0
1714663913366 0.8907538179288659 0
1714663915678 0.9092730741449219 0
1714663917829 0.8906349463671924 0
1714663920164 0.8927981027761324 0
1714663922784 0.8908924834956022 0
1714663925392 0.889830285568983 0
1714663927822 0.9092730741449219 0
1714663930100 0.8906349463671924 0
1714663932566 0.8921920793477859 0
1714663935124 0.8906763967128618 0
1714663937934 0.8896506643753451 0
1714663940635 0.9092730741449219 0
1714663942939 0.8906349463671924 0
1714663945414 0.8921975990652574 0
1714663948164 0.8920633236411277 0
1714663950976 0.890912235374706 0
1714663953447 0.9092730741449219 0
1714663955685 0.8906349463671924 0
1714663958204 0.8921975990652574 0
1714663960780 0.8915909312464306 0
1714663963671 0.8905631253890094 0
1714663966206 0.9092730741449219 0
1714663968597 0.8906349463671924 0
1714663971032 0.8921975990652574 0
1714663973591 0.8922335707760612 0
1714663976340 0.8901675111603489 0
1714663978873 0.9092730741449219 0
1714663981361 0.8906349463671924 0
1714663983815 0.8921975990652574 0
1714663986390 0.8922335707760612 0
1714663989374 0.8898980620830321 0
1714663991851 0.9092730741449219 0
1714663994107 0.8906349463671924 0
1714663996452 0.8921975990652574 0
1714663999118 0.8922335707760612 0
1714664002008 0.8907341306816297 0
