1714663875891 0.9034239494009609 0
1714663879163 0.8932071645826293 0
1714663881377 0.9044599230689261 0
1714663883930 0.9047794569357415 0
1714663886500 0.904215895714348 0
1714663889143 0.9027942021150792 0
1714663891426 0.9175397093612707 0
1714663893585 0.9080985549433414 0
1714663895983 0.9072367612728837 0
1714663898520 0.9051314470070192 0
1714663901194 0.903638882319154 0
1714663903542 0.9175397093612707 0
1714663905702 0.9090342031396195 0
1714663908197 0.9080968177908834 0
1714663910672 0.9061341936608972 0
1714663913366 0.9040781160252729 0
1714663915678 0.9175397093612707 0
1714663917829 0.9039401185154382 0
1714663920164 0.906499569971741 0
1714663922784 0.9046518725203819 0
1714663925392 0.9032672230293611 0
1714663927822 0.9175397093612707 0
1714663930100 0.9039401185154382 0
1714663932566 0.9060081091043126 0
1714663935124 0.9046082748397786 0
1714663937934 0.9033010102375241 0
1714663940635 0.9175397093612707 0
1714663942939 0.9039401185154382 0
1714663945414 0.9056395134537413 0
1714663948164 0.9054802284518464 0
1714663950976 0.9042470520660878 0
1714663953447 0.9175397093612707 0
1714663955685 0.9039401185154382 0
1714663958204 0.9056395134537413 0
1714663960780 0.9052622400488294 0
1714663963671 0.9040105416089469 0
1714663966206 0.9175397093612707 0
1714663968597 0.9039401185154382 0
1714663971032 0.9056395134537413 0
1714663973591 0.9059162052578803 0
1714663976340 0.9037740311518059 0
1714663978873 0.9175397093612707 0
1714663981361 0.9039401185154382 0
1714663983815 0.9056395134537413 0
1714663986390 0.9059162052578803 0
1714663989374 0.903638882319154 0
1714663991851 0.9175397093612707 0
1714663994107 0.9039401185154382 0
1714663996452 0.9056395134537413 0
1714663999118 0.9059162052578803 0
1714664002008 0.9041456904415988 0
